00800000800080080000800800000000800800008008000000
00800000800080080000800800000000800800008008000000
00888800800080080000800800000000800800008008000000
00008800800080080000800800000000800800008008000000
00002800800080080000800800000000800800008008000000
88888800888880088888800888888888800888888008888888
00000000000000000000000000000000000000000008000000
00000000000000000000000000000000000000000008000000
00888888888888888888888888888888800888888008000888
00800000000000000000000000000000800888888008000800
00800000000000000000000000000000800888888008000800
00800088888888888000088888888888800888888008888800
00800088000000088000080000000000000000000000000000
00800080000000008888880000000000000000000000000000
00800080000000000000000088888888800888888008888800
00800080000000000000000080000000800888888008000800
00800080000000000000000080000000800888888008000800
88800080000000008888888880000000800888888008000888
80000088000000088000000000008888888888888008000008
80000088888888888000000000000000000800000008000008
80000081000000000000000000000000000800000008000008
88880088888888888888888888888888800888888008000000
00080000000080000000800000000000800800000008000000
00080000000080000000800000000000800800000008000000
00080000800080080000800800000000800800000008000000
00030