80000000000000000000000000000000000000000000000008
80000000000000000000000000000000000000000000000008
80000000000000000000000000000000000000000000000008
88888888888888888000888880008888880008888000888888
80000000080000000000802080000000000008008000000008
80001000080000000088800088800000000888008880000008
80000000080000000000000000000000000000000000000008
80000000080000000000000000000000000000000000000008
88088880888888888888888888888888888888888888888888
80000000000000000000000000000000000000000000000008
80000000000000000000000000000000000000000000000008
00888888888888888888888888888888888888888888888008
00800000000000000000000000000000000000000000008000
00800000000000000000000000000000000000000000008000
00888008888888888888888888888888888888888000888000
00080000000000000000000000000000000000000000080000
00080000000000000000000000000000000000000000080000
00080000000000000000000000000000000000000000080000
00080000000000000000000000000000000000000000080000
00080000000000000000000000000000000000000000080000
00088888088888888088888888088888888808888888880000
00000008088888888088888888088888888808000000000000
88888888088888888088888888088888888808888888888888
00000000000000000000000000000000000000000000000000
00000000000000000000000000000000000000000000000000
00030