00000000000000000000000008800000000000000000000000
00000000000000000000000008800000000000000000000000
00000000008800000000000008800000000088888880000000
00000088888800000000000008800000000088888880000000
00000080000000000000000008800000000088880880000000
00000088888800000000000008800000000200000000000000
00000000008800000088888888888888880000000000000000
00000000000000000088000008800000880000000000000000
00000000000000000080000001000000080000000000000000
00000000000000000080000000000000080000000000000000
00000000000000000080000008800000080000000000000000
88888888888888888888008888888008888888888888888888
88888888888888888888008888888008888888888888888888
00000000000000000080000008800000080000000000000000
00000000000000000080000000000000080000000000000000
00000000000000000080000000000000080000000000000000
00000000000000000088000008800000880000000000000000
00000000000000000088888888888888880000000000000000
00000000000000000000000008800000000888888888800000
00000000000000000000000008800000000888888888800000
00000000000000000000000008800000000888888888800000
00000000000000000000000008800000000000000000000000
00000000000000000000000008800000000000000000000000
00000000000000000000000008800000000000000000000000
00000000000000000000000008800000000000000000000000
00110