00000000800000000000000000000000000000008000000000
00000000800000000080000000000080000000008000000000
00000000800000000080008888800080088880008000000000
00000000800000000080000000000080000000008000000000
00000000800000000080000000000080000000008000000000
00828000800000000000000000000000000000008000000000
88888888800000000000000000000000000000008888888888
00000000000000000088888888880000000000000000000000
00000000000000000080000000000000000000000000000000
00000000000000000080800008880000000000000000000000
00000000000000000080800008180000000000800000000000
00000000000000000080800008080000000000800000000000
00000000000000000080800008080000000000800000000000
00000000000000000080888888080000008888888880000000
00000000000000000080000000080000000000800000000000
00000000000000000088888888880000000000800000000000
00000000000000000000000000000000000000800000000000
00000000000000000000000000000000000000000000000000
00000000000000000000000000000000000000000000000000
00000000000000000000000000000000000000000000000000
00000000000000000000000000000000000000000000000000
88888888888888888888888888888888888888888888888888
00000000000000000000000000000000000000000000000000
00000000000000000000000000000000000000000000000000
00000000000000000000000000000000000000000000000000
00000