00000000000000000000000000000000000000000000000000
00000000000008888888888880000000000000000000000000
00000000000008000880800080000000000008800000000000
00000000000008000000000080000000000888888000000000
00000000000008808800880880000000000008800000000000
00000000000008808800880880000000000000000000000000
08888888880008808800880888888888888888888888000000
00000200000008000800800080000000000000000008000000
08888888880008000000000000000000000000000008000000
00000000000008000888800080000000000000000008000000
00000000000008888888888888888888888888880008000000
00000000000000000000000000000000000000080008000000
00000000000000000000000000000000000000080008000000
00000000000000000000000000000000000000080008000000
00000000000000000000000000000000000000080008000000
00000000000000000000000000000000000000080008000000
00000000000000000000000000888888000000080008000000
00000008000000000000000000800008888888880008000000
00000008000000000000000008800000000000000008000000
00000008000000000000000008800100000000000008000000
00008888888000088888880008800000000000000008000000
00000008000000000000000000800008888888888888000000
00000008000000000000000000888888000000000000000000
00000008000000000000000000000000000000000000000000
00000000000000000000000000000000000000000000000000
00070