00000000000000000000000000000000000000000000000000
00000000000000000000000000000000000000000000000000
00000000000000000000000000000000000000000000000000
00000000000000000000000000000000000020000000000000
00000000000000000000000000000000000000000000000000
00000000000000000000000000000000000000000000000000
00000000000000000000000000000000000000000000000000
00000000088888888888888000000088888888888800000000
00000000088800000888888000000080000000000800000000
80000000080000000000008000000080000000000800000000
88888888880000000000008888888880000000000888888888
00000000000000000000000000000000000010000000000000
00000000000000000000000000000000000000000000000000
88888888880000000000008888888880000000000888888888
80000000080000000000008000000080000000000800000000
00000000000800000888888000000080000000000800000000
00000000088888888888888000000088888888888800000000
00000000000000000000000000000000000000000000000000
00000000000000000000000000000000000000000000000000
00000000000000000000000000000000000000000000000000
00000000000000000000000000000000000000000000000000
00000000000000000000000000000000000000000000000000
00000000000000000000000000000000000000000000000000
00000000000000000000000000000000000000000000000000
00000000000000000000000000000000000000000000000000
00000