00000080000800000000000000000000000000000000000000
00000080000800000000000000000000000000000000000000
00000080200800000000000000000000000000008000000000
88888888888888888880000000888880000000008000000000
00000000000000000000000000800000000888888880000000
00000000000000000000000000800000000000000000000000
00000000000000000000000000800000000000000000000000
88888888888888888880000008800000000888888880000000
00000080100800000000000008000000000000000080000000
00000080000800000000000008000080000000000080000000
00000080000800000000088888000080000000000080000000
00000080000800000000000000000080000000000080000000
00000080000800000000000000000088888880000080000000
00000080000800000000000000008880000000000080000000
00000080000888888888888000000000000000000080000000
00000080000000000000000000000000000000000088888880
00000080000000000000000000000000000000000000000000
00000080000000000000000000000000000080000000000000
00000088888888888888888000000000000080000000000000
00000088888800000000000000000000000080000000000000
00000080000800000000000000000000000080000000000000
00000080000800000000000000000888888880000000000000
00000080000800000000000000000800000000000000000000
00000080000800000000000000000000000000000000000000
00000080000800000000000000000000000000000000000000
00030