88888888888888888888888888888888888888888888888888
80000000000000000000000080000000000000000000000008
80000000000000000000000080008800000000000000000008
80000000000000000000000088888800000000000000000008
80000000000000000000000082000000000000000000000008
80000000000000000000000088888800000000000000000008
80000000000000000000000080008800000000000000000008
80000000000000000000000080000000000000000000000008
80000000000000000000000080000000000000000000000008
80000000000000000000088080000000000000000000000008
80000000000000000000088888888888888888888888888888
80000000000000000000000000000000000000000000000018
80000000000000000000088888888888888888888888888888
80000000000000000000088000000000000000000000000008
80000000000000000000000000000000000000000000000008
80000000000000000000000000000000000000000000000008
80000000000000000000000000000000000000000000000008
80000000000000000000000000000000000000000000000008
80000000000000000000000000000000000000000000000008
80000000000000000000000000000000000000000000000008
80000000000000000000000000000000000000000000000008
80000000000000000000000000000000000000000000000008
80000000000000000000000000000000000000000000000008
80000000000000000000000000000000000000000000000008
88888888888888888888888888888888888888888888888888
00400