88888888888888888888888888888888888888888888888888
80000000000880000000000880000000000088000000000008
80000000000880000000000880000000000088000000000008
80000000000880000000000000000000000088000000000008
80000000000880000000000880000000000088000000000008
80000000000000000000000880000000000000000000000008
80000000000000000000000880000000000000000000000008
80000000000880000000000000000000000088000000000008
80000000000880000000000880000000000088000000000008
80000000000880000000000880000000000088000000000008
80000000000880000000000880000000000088000000000008
80000000000880000000000880000000000088000000000008
88880088888888888888888888888888888888000000000008
80000000000880000000000880000000000088000000000008
80000000000880000000000880000000000088000000000008
80000000000000000000000880000000000088000000000008
80000000000000000000000880000000000088000000000008
80000000000880000000000880000000000188200000000008
80000000000880000000000880000000000088000000000008
80000000000880000000000880000000000088000000000008
80000000000880000000000880000000000088000000000008
80000000000880000000000880000000000088000000000008
80000000000880000000000880000000000088000000000008
80000000000880000000000880000000000088000000000008
88888888888888888888888888888888888888888888888888
00110